{"data":[{"coloraxis":"coloraxis","name":"0","x":["Drama","Silent film","Short Film","Black-and-white","Comedy","Indie","Romance Film","Action","Thriller","Crime Fiction","Adventure","Comedy film","World cinema","Documentary","Horror","Musical","Family Film","Science Fiction","Animation","Action\u002fAdventure","Western","Fantasy","War film","Mystery","Romantic drama","Romantic comedy","Crime Thriller","Japanese Movies","Film adaptation","Period piece","Comedy-drama","Biographical film","Chinese Movies","Film noir","Melodrama","Biography","Bollywood","Psychological thriller","Sports","Parody"],"y":["Drama","Silent film","Short Film","Black-and-white","Comedy","Indie","Romance Film","Action","Thriller","Crime Fiction","Adventure","Comedy film","World cinema","Documentary","Horror","Musical","Family Film","Science Fiction","Animation","Action\u002fAdventure","Western","Fantasy","War film","Mystery","Romantic drama","Romantic comedy","Crime Thriller","Japanese Movies","Film adaptation","Period piece","Comedy-drama","Biographical film","Chinese Movies","Film noir","Melodrama","Biography","Bollywood","Psychological thriller","Sports","Parody"],"z":[[1.0,-0.06446621018228008,0.03422009613285812,-0.09198126468607794,0.13506724323546204,-0.18447207302867955,0.36471419825573526,-0.3873688595377397,0.2798042536957303,0.1037341833654331,-0.34829477942986437,-0.41229349527591175,0.008562872523304212,0.014479600424950568,0.14257787819197018,0.08771529445231097,0.16443802211045677,-0.4667042107227491,0.05484764234518617,0.10844034141220511,-0.1382187166016505,0.07280011660877725,0.14602086489651656,0.12267604540965514,0.14670954623345026,0.002145554986575231,-0.18634156355016834,-0.06658872287961524,-0.019706421362907466,0.15325970829889868,-0.0401370632808517,0.15160869068611668,0.09045242066056428,0.3149135707927873,0.05215704300720506,0.061555224365186643,0.013952920209745524,-0.11358592743979554,-0.04564094104970904,0.06929284782497176],[-0.06446621018228008,1.0,0.1910405547127911,0.06457872904137468,-0.014002254036421637,0.09541876418025003,-0.013095096466437722,-0.03660260279460754,0.062014793222441106,0.01585875527294341,-0.11851110158472336,0.00999640268731399,0.03395685807850395,0.05549548741345644,-0.057161960482563126,0.027101065034279212,0.04392265635069672,-0.06498851529269092,-0.10116272529158964,0.06577821428743853,-0.07244196232134317,-0.06241864671700346,0.041591016322572935,0.06985315771885993,0.07031728305833922,0.026609402148894908,-0.16304698218095542,0.002738025163292349,-0.21022847638510533,-0.06333884259794481,0.03047063897885518,-0.19521071261031786,-0.0648887571788835,0.16178168777307395,-0.1613423362897606,0.01746214329809984,0.23367993565135822,-0.14641391591883432,-0.0978730671420564,-0.05893040566663913],[0.03422009613285812,0.1910405547127911,1.0,-0.14540236810862808,0.2526107726648667,-0.19177590190557026,-0.26501275996402585,-0.02167055447723588,-0.07388208792678233,-0.034159055011645074,-0.3089190339092653,0.22998719029407608,0.0895350128570075,0.15645960188173968,-0.006037080024460373,0.17061438403784127,-0.06707100669400612,-0.14902185445097643,0.18061490329311103,0.08823118823248803,-0.0899366609917865,-0.20203342891223372,0.11734952129239637,-0.03302316060360458,-0.03581511435847151,0.15896874743592743,-0.06184148564181987,0.17551112158892399,-0.1389511215639559,-0.03776387679802434,-0.01545760053761852,-0.11053865195295104,-0.021752239405416082,-0.16099915685171098,-0.0906716110454107,0.06914220752161916,0.006868760088532689,-0.09302555781946509,0.10329089895647199,-0.04321593367566998],[-0.09198126468607794,0.06457872904137468,-0.14540236810862808,1.0,-0.20585693282938258,0.28324479372700195,0.011965441764455817,-0.04658997737468939,-0.0021249340497568143,-0.03198671917638861,-0.09869572331268664,-0.19135201314401612,-0.00555965866225719,0.021717320079363844,-0.05053819249289172,-0.03837441907760212,-0.0018140394259258748,-0.11362715775556322,-0.17169915428366367,0.05183114653420326,-0.30606119298609014,0.03003895025621217,-0.028467377312422368,-0.04530417624300238,-0.024126525243591723,0.07094054848983072,-0.02266558470926417,0.030439121953507002,-0.1099322198709244,-0.05475301590502851,-0.03330819496440725,0.01604630952136213,0.05081594162388718,-0.14814748674101202,-0.2813768209141294,-0.004653384534725714,-0.09030186935560719,-0.010754440193882386,-0.08851635624893084,0.06039807014223741],[0.13506724323546204,-0.014002254036421637,0.2526107726648667,-0.20585693282938258,1.0,-0.10019282619208292,-0.16885969963216266,-0.3559772614674497,-0.190802199976712,-0.151400460856848,-0.19357575844613112,0.5495228087340888,-0.11345518185772913,-0.14638446385707155,-0.12220645230582118,0.01570825542176792,-0.12149072649781438,-0.38621042032788117,0.08809237936354541,-0.26452970568992545,-0.049182495765382556,0.028229289506911445,0.09183656735801533,-0.2868658203327024,-0.11696186649114604,0.06726807042387743,-0.19681819113122181,-0.03658317211330293,-0.047149327167613775,0.06778345466177596,-0.07489616848331881,-0.07959686507151842,-0.09049842472027757,-0.04303274248277891,0.008299972315674078,0.008718693997598993,0.09152537121364944,-0.19788558112490287,0.015156472957569498,0.15812096073285326],[-0.18447207302867955,0.09541876418025003,-0.19177590190557026,0.28324479372700195,-0.10019282619208292,1.0,-0.017156957952162155,-0.19196477560191616,-0.066168626574989,-0.1491897524167278,0.00467927489692784,-0.1543685891366815,0.08671779379640669,-0.07167682967267978,-0.172130309774913,-0.12480813417670997,-0.02816695083160115,-0.06686208936117519,-0.16405810954536287,0.07467853481420855,-0.17077730101914246,-0.032299802927118024,-0.17211318442781093,0.01049235254826593,0.07324731950136129,0.09599185895369541,0.10807916477751454,0.034978521656022964,-0.17323013961817274,0.13181614876578093,0.16454797650751712,-0.25606971622007013,0.25776598342224033,0.01066759031788045,-0.10412036264832246,0.059771138880400795,0.18124967744750145,0.1281504648568037,-0.1877888845870453,0.15064001992752454],[0.36471419825573526,-0.013095096466437722,-0.26501275996402585,0.011965441764455817,-0.16885969963216266,-0.017156957952162155,1.0,-0.1716064937126498,0.25292218646244635,0.03304415429719362,0.1173519442516428,-0.22353284406715468,-0.10014652496436648,-0.14565446777741722,-0.06606927890039145,0.08943952215766511,0.07019538123370905,-0.2670100616789644,0.14195172361375744,-0.23029578775051326,-0.08932797222128934,0.24622485169015057,0.010166715653237493,-0.08162732653721223,0.22982628375226533,0.022250220909355595,-0.22169746289525674,-0.11204546598685393,0.013530059320899637,0.07177073628446064,-0.044843867118934115,0.1346873872121038,0.09410103987528554,0.22600628737419268,-0.027315217271724736,0.04617956518426768,0.049658978441730596,-0.20259291943705934,-0.22217471754155385,-0.1764042951565348],[-0.3873688595377397,-0.03660260279460754,-0.02167055447723588,-0.04658997737468939,-0.3559772614674497,-0.19196477560191616,-0.1716064937126498,1.0,-0.04423992039991205,0.2883358269205677,-0.18852755192711318,0.4916781872346715,-0.12728150456711151,0.030171018327444395,0.24820088541268345,0.0023314843959176368,-0.12167025169719847,0.6735619313518226,-0.21299853740625815,0.30236529630839204,0.32022520277664096,0.05629130085877878,0.33873796560428454,0.20614099642209355,-0.13386135181889428,0.02108797170969057,-0.16771729228441118,-0.1547995882746006,0.10908042459444359,-0.21334807717023116,-0.12023906017893744,-0.1419651550550751,0.07668836545834107,-0.11464693882137728,-0.09732895154167943,-0.06169939907590697,-0.2729095391814915,-0.0038108827327346865,-0.0010547876704049355,-0.10913179705826216],[0.2798042536957303,0.062014793222441106,-0.07388208792678233,-0.0021249340497568143,-0.190802199976712,-0.066168626574989,0.25292218646244635,-0.04423992039991205,1.0,0.3580860949365119,-0.04264370203308563,-0.02413596954909842,-0.153104832944812,-0.041307747097750445,-0.12020141102343362,0.11883329578544966,0.38579413993142747,-0.0812951279060206,0.29242466368576775,0.3232471937849872,0.11794935314292113,-0.2762297910749771,0.197241251546161,0.17773416233176473,0.09873383911489969,0.2185595983227281,0.4509773263580552,-0.1924191426990395,-0.22024163811995756,-0.19555464401421963,0.09228094063849362,-0.08955340760416641,-0.07561979535212368,0.34751385857134764,-0.11593953239445216,-0.07684797877834768,-0.3940126736580319,0.1660549171889253,-0.03379090706809667,-0.05566979228215741],[0.1037341833654331,0.01585875527294341,-0.034159055011645074,-0.03198671917638861,-0.151400460856848,-0.1491897524167278,0.03304415429719362,0.2883358269205677,0.3580860949365119,1.0,-0.02023186954484085,0.1072972126011673,-0.21828788046383824,-0.07312176421524781,-0.0629299623629126,0.0524440072452452,0.11635356021498021,0.11471130323029691,-0.03919853667391311,0.20807176685106293,0.24168536882891564,-0.07348995447078131,-0.209846448587828,0.022851287946210237,0.411433018944998,0.271738809360336,0.4314241602602938,-0.12927356234072482,0.12797246752771102,-0.023066386742700184,0.20162727431728633,-0.09349762694574155,-0.038572640019711855,0.1800338867866288,0.11387263724925924,0.06885281577788503,-0.36935709568677344,-0.12523312328867192,-0.060785017690939906,-0.00795242815353526],[-0.34829477942986437,-0.11851110158472336,-0.3089190339092653,-0.09869572331268664,-0.19357575844613112,0.00467927489692784,0.1173519442516428,-0.18852755192711318,-0.04264370203308563,-0.02023186954484085,1.0,-0.007309052472167041,-0.16922773971670632,-0.1307773660900441,-0.19156929963959585,-0.21451821383763098,0.2106079729553228,0.03500641214416191,0.1303157066518548,-0.043196961402104536,-0.04849580647404168,-0.02046208797339985,0.05412246197559647,0.026373619604034403,-0.2523828840907763,-0.3311244360147797,-0.1514869006847438,-0.16793102600888402,-0.08277349269681757,-0.1383807692706525,-0.07389292501746156,0.04234248969016809,-0.13052722604070896,-0.08146211297444376,-0.0012299588060880788,-0.1964280470896818,-0.23591592219899707,-0.16748252715659698,0.11742151670173187,0.07599399191172554],[-0.41229349527591175,0.00999640268731399,0.22998719029407608,-0.19135201314401612,0.5495228087340888,-0.1543685891366815,-0.22353284406715468,0.4916781872346715,-0.02413596954909842,0.1072972126011673,-0.007309052472167041,1.0,-0.16583072633978158,-0.06781134746813468,-0.058146375407025726,0.12443950343534621,-0.28161291856057286,0.3404358562939348,-0.07095358703187911,0.032979762126458416,0.18833988102139293,-0.11898026063241865,0.17958138571205162,0.0014065626870135872,-0.249038399392718,-0.07306326770122484,-0.1785530111580545,0.07104266297186351,-0.09451583091136556,-0.08333239713299853,-0.18731065781325765,-0.12442465604097429,-0.1942023071616329,0.019381177400228742,-0.2415648707859003,0.052161056909969576,0.0007105996490466376,-0.0808570572571088,-0.04667440024032929,-0.24165694861446818],[0.008562872523304212,0.03395685807850395,0.0895350128570075,-0.00555965866225719,-0.11345518185772913,0.08671779379640669,-0.10014652496436648,-0.12728150456711151,-0.153104832944812,-0.21828788046383824,-0.16922773971670632,-0.16583072633978158,1.0,0.09738016003355363,0.04507297211373415,0.06994149063497943,-0.10063890307832317,-0.07067797373502192,0.06973924740216816,-0.004194737451498507,-0.12356764630973258,-0.07837736834177765,0.02720472863018865,0.02065695226679422,0.074954406793727,-0.035124573746955136,-0.04442581161474931,0.3663819645851041,0.13225555837633868,0.37109109315701505,0.08653674734195187,-0.11603765038865774,0.13777059636613462,-0.022960561000316397,-0.04750999702971937,0.05189475693263277,0.13497136650911437,0.632282351564797,0.05956163435896203,0.039271158090086064],[0.014479600424950568,0.05549548741345644,0.15645960188173968,0.021717320079363844,-0.14638446385707155,-0.07167682967267978,-0.14565446777741722,0.030171018327444395,-0.041307747097750445,-0.07312176421524781,-0.1307773660900441,-0.06781134746813468,0.09738016003355363,1.0,-0.00464316294136034,0.08027878738336179,0.09227621163149467,-0.07503812634557329,0.09091728661236333,0.0876010871537708,-0.041344420939926275,0.011996416689712833,0.259287214906338,0.09146043350611605,-0.22874746370003982,-0.03192839266339976,0.04114700241368934,0.28935409607809376,0.2111884579468944,0.12926737639746064,-0.15285491503374338,0.08185356158091892,0.28373739335840154,-0.12714826701674992,-0.09217334835358551,0.19522122794712557,-0.04933022410698377,-0.09382935832326914,0.1255627053850311,-0.1301339622236014],[0.14257787819197018,-0.057161960482563126,-0.006037080024460373,-0.05053819249289172,-0.12220645230582118,-0.172130309774913,-0.06606927890039145,0.24820088541268345,-0.12020141102343362,-0.0629299623629126,-0.19156929963959585,-0.058146375407025726,0.04507297211373415,-0.00464316294136034,1.0,-0.07536475809024641,-0.09766949314721342,0.29273793827097294,-0.08847606595749914,-0.005454460035978963,-0.011262133342781935,-0.02500212941819721,0.06706229914836417,0.021092216002815245,0.041193104371986713,-0.14279678540969903,-0.03554216937016744,-0.019297501998078635,0.1897078581013962,-0.04992925484569951,-0.04068525024641956,0.10898838803374458,-0.23811810724959512,0.013591399018380702,0.012563270739630738,0.045696442046784885,0.18031976702912175,0.10311920515084942,0.027444869714995015,-6.118970494461519e-05],[0.08771529445231097,0.027101065034279212,0.17061438403784127,-0.03837441907760212,0.01570825542176792,-0.12480813417670997,0.08943952215766511,0.0023314843959176368,0.11883329578544966,0.0524440072452452,-0.21451821383763098,0.12443950343534621,0.06994149063497943,0.08027878738336179,-0.07536475809024641,1.0,0.034955555929314736,0.1714026013131161,0.22645727555940207,-0.26177339210622697,-0.008613805383209945,0.02533639085515221,-0.08366735205778797,0.5035110133825478,-0.1638685726652166,0.052077422495365545,-0.1889309462943129,0.08770915453447886,-0.11195701444492838,-0.11156260416247214,0.015571563828939929,0.13489981802507348,-0.13188383725007288,0.002883639481905804,0.038060769932922046,0.06594682256343824,-0.09490225257282575,-0.045086192819306786,-0.06520810264349804,-0.05021396817132334],[0.16443802211045677,0.04392265635069672,-0.06707100669400612,-0.0018140394259258748,-0.12149072649781438,-0.02816695083160115,0.07019538123370905,-0.12167025169719847,0.38579413993142747,0.11635356021498021,0.2106079729553228,-0.28161291856057286,-0.10063890307832317,0.09227621163149467,-0.09766949314721342,0.034955555929314736,1.0,-0.08709694114117847,0.5261682365770468,-0.003242365246957984,-0.01793262239152734,0.0009972974051784334,-0.23707176731118396,-0.03423320447518658,0.060309697855031666,0.02413063373270924,0.04313273093090239,0.06810372058813227,-0.16088276295184362,-0.1496430467761428,0.012166949713698251,0.14969189204575134,-0.13010049561806544,-0.06709630288294302,0.04503526311000084,-0.07968620465736592,-0.10163732882315714,0.00472760732683201,-0.03888594924014375,-0.08505395579805763],[-0.4667042107227491,-0.06498851529269092,-0.14902185445097643,-0.11362715775556322,-0.38621042032788117,-0.06686208936117519,-0.2670100616789644,0.6735619313518226,-0.0812951279060206,0.11471130323029691,0.03500641214416191,0.3404358562939348,-0.07067797373502192,-0.07503812634557329,0.29273793827097294,0.1714026013131161,-0.08709694114117847,1.0,-0.07843502580928985,0.21821895022862767,0.21991246177262222,-0.0318746267385794,-0.06292057414555594,0.10368521961022215,0.06744416135602244,0.09420173045436304,-0.09361696677324102,-0.17499497245733217,-0.1427459575368212,-0.2640429649383913,-0.026629487643141627,-0.10233569793732221,-0.09827439892959305,-0.05943972245516923,-0.03542502885896162,-0.1004076322560861,-0.22262150604297257,0.06548190923027333,-0.04395469881839988,0.11169697145251854],[0.05484764234518617,-0.10116272529158964,0.18061490329311103,-0.17169915428366367,0.08809237936354541,-0.16405810954536287,0.14195172361375744,-0.21299853740625815,0.29242466368576775,-0.03919853667391311,0.1303157066518548,-0.07095358703187911,0.06973924740216816,0.09091728661236333,-0.08847606595749914,0.22645727555940207,0.5261682365770468,-0.07843502580928985,1.0,-0.032996289365195816,0.05673360781479976,-0.021759275535604843,0.08448047864461392,0.06823163764874968,0.20616648822087008,-0.042166676730094395,0.13446630480920374,0.07013377100780516,-0.2151143216229876,-0.18823187788337842,0.1338661097950828,0.12933286214027906,-0.1978837357298706,-0.15322026231172334,0.0018219836099457075,0.03158346364298024,-0.1585586184963455,0.0020442957556398014,0.06470406669590249,-0.14092863059882127],[0.10844034141220511,0.06577821428743853,0.08823118823248803,0.05183114653420326,-0.26452970568992545,0.07467853481420855,-0.23029578775051326,0.30236529630839204,0.3232471937849872,0.20807176685106293,-0.043196961402104536,0.032979762126458416,-0.004194737451498507,0.0876010871537708,-0.005454460035978963,-0.26177339210622697,-0.003242365246957984,0.21821895022862767,-0.032996289365195816,1.0,0.11226306075229142,-0.2101762142033373,0.1024427598888986,0.5856330257687764,0.09223814524959993,0.13826479314677712,0.033537813615828256,0.12267258799345115,-0.14375393169293885,-0.08709587925482919,0.1171264731240801,0.010912483677508269,0.22243662855054028,0.029585336425511095,-0.17001331598997563,0.06819024377833563,-0.0977054057246434,-0.02141798398781062,0.0648757781319225,-0.0009657943384430837],[-0.1382187166016505,-0.07244196232134317,-0.0899366609917865,-0.30606119298609014,-0.049182495765382556,-0.17077730101914246,-0.08932797222128934,0.32022520277664096,0.11794935314292113,0.24168536882891564,-0.04849580647404168,0.18833988102139293,-0.12356764630973258,-0.041344420939926275,-0.011262133342781935,-0.008613805383209945,-0.01793262239152734,0.21991246177262222,0.05673360781479976,0.11226306075229142,1.0,0.1116111384599152,-0.028566628898016293,-0.04470382271249412,-0.0215564194117736,0.000816108349444723,0.10545016423585442,-0.14693498500300398,0.11324873782879843,-0.03443890105661309,0.1341880242302551,0.1409199275576058,-0.11873744097515028,0.1348635953621234,-0.11775673576823475,-0.09708059851350541,-0.05602607181604995,0.011674444265984274,-0.03750358018440592,-0.1835240021876282],[0.07280011660877725,-0.06241864671700346,-0.20203342891223372,0.03003895025621217,0.028229289506911445,-0.032299802927118024,0.24622485169015057,0.05629130085877878,-0.2762297910749771,-0.07348995447078131,-0.02046208797339985,-0.11898026063241865,-0.07837736834177765,0.011996416689712833,-0.02500212941819721,0.02533639085515221,0.0009972974051784334,-0.0318746267385794,-0.021759275535604843,-0.2101762142033373,0.1116111384599152,1.0,-0.044283895769719285,-0.13654514814038743,-0.0405614976609196,-0.09869236768894789,-0.2561586277459435,0.14836193565959094,0.27116497343778434,0.12047252121550793,-0.18915103049400736,0.10266783780856736,0.09772746997677452,0.03799873879556119,0.09276022870964296,0.05492845941963978,-0.008275308597519928,-0.12901112082010005,-0.08003409478157736,-0.18614454827490282],[0.14602086489651656,0.041591016322572935,0.11734952129239637,-0.028467377312422368,0.09183656735801533,-0.17211318442781093,0.010166715653237493,0.33873796560428454,0.197241251546161,-0.209846448587828,0.05412246197559647,0.17958138571205162,0.02720472863018865,0.259287214906338,0.06706229914836417,-0.08366735205778797,-0.23707176731118396,-0.06292057414555594,0.08448047864461392,0.1024427598888986,-0.028566628898016293,-0.044283895769719285,1.0,0.22419526320013675,-0.11572714352953017,0.06031955665401594,-0.0600979789828305,0.15929624661628877,0.039587551267280564,-0.08955434079567437,-0.19653095624401573,0.0352488907737031,0.019954321769185608,-0.3135836667636108,-0.22648593184681562,-0.1443053102340089,-0.021749010591317435,-0.07931558746761022,0.14991903244830582,-0.12032737123872964],[0.12267604540965514,0.06985315771885993,-0.03302316060360458,-0.04530417624300238,-0.2868658203327024,0.01049235254826593,-0.08162732653721223,0.20614099642209355,0.17773416233176473,0.022851287946210237,0.026373619604034403,0.0014065626870135872,0.02065695226679422,0.09146043350611605,0.021092216002815245,0.5035110133825478,-0.03423320447518658,0.10368521961022215,0.06823163764874968,0.5856330257687764,-0.04470382271249412,-0.13654514814038743,0.22419526320013675,1.0,-0.11402344606316198,0.07784965314631498,-0.060139616284301665,-0.13382643472816244,0.008985253725936025,-0.11928084040736443,0.0038480892140899253,-0.09589417265633181,-0.069464746805319,0.3953985429678393,-0.06771237484904373,-0.04721272468597783,-0.12439437762483489,0.06677761702881761,0.15211507530960586,0.11232133706002778],[0.14670954623345026,0.07031728305833922,-0.03581511435847151,-0.024126525243591723,-0.11696186649114604,0.07324731950136129,0.22982628375226533,-0.13386135181889428,0.09873383911489969,0.411433018944998,-0.2523828840907763,-0.249038399392718,0.074954406793727,-0.22874746370003982,0.041193104371986713,-0.1638685726652166,0.060309697855031666,0.06744416135602244,0.20616648822087008,0.09223814524959993,-0.0215564194117736,-0.0405614976609196,-0.11572714352953017,-0.11402344606316198,1.0,0.17459783998579342,0.17894794892946378,-0.08944314251989476,0.025981370725002895,0.2554927849690827,0.3247868336023741,-0.033567031150378984,0.2129632911121152,0.23745897638560332,0.12798373721476694,0.14016844177809518,0.20959642907446918,-0.049376916149298754,-0.11807958408872984,-0.08046576651336923],[0.002145554986575231,0.026609402148894908,0.15896874743592743,0.07094054848983072,0.06726807042387743,0.09599185895369541,0.022250220909355595,0.02108797170969057,0.2185595983227281,0.271738809360336,-0.3311244360147797,-0.07306326770122484,-0.035124573746955136,-0.03192839266339976,-0.14279678540969903,0.052077422495365545,0.02413063373270924,0.09420173045436304,-0.042166676730094395,0.13826479314677712,0.000816108349444723,-0.09869236768894789,0.06031955665401594,0.07784965314631498,0.17459783998579342,1.0,0.08705701643520117,0.0208378095618733,-0.11372424473780098,0.05102273677354333,0.19866160621512508,-0.12455687007513937,-0.03463730755182916,-0.023058073321450462,0.01714478801746044,-0.26349460203462255,-0.20600763196007404,-0.003577383144300008,0.10849981025341011,0.08887264013139472],[-0.18634156355016834,-0.16304698218095542,-0.06184148564181987,-0.02266558470926417,-0.19681819113122181,0.10807916477751454,-0.22169746289525674,-0.16771729228441118,0.4509773263580552,0.4314241602602938,-0.1514869006847438,-0.1785530111580545,-0.04442581161474931,0.04114700241368934,-0.03554216937016744,-0.1889309462943129,0.04313273093090239,-0.09361696677324102,0.13446630480920374,0.033537813615828256,0.10545016423585442,-0.2561586277459435,-0.0600979789828305,-0.060139616284301665,0.17894794892946378,0.08705701643520117,1.0,0.05052050162031455,0.3385960229664819,0.06522049202842321,0.29060804173480315,-0.15080509017168933,0.12919065289905293,0.06029067201137578,0.016381829340398512,-0.22288578471522108,-0.09473539848642387,0.24485416229889417,-0.03888408471496725,0.0334450855908983],[-0.06658872287961524,0.002738025163292349,0.17551112158892399,0.030439121953507002,-0.03658317211330293,0.034978521656022964,-0.11204546598685393,-0.1547995882746006,-0.1924191426990395,-0.12927356234072482,-0.16793102600888402,0.07104266297186351,0.3663819645851041,0.28935409607809376,-0.019297501998078635,0.08770915453447886,0.06810372058813227,-0.17499497245733217,0.07013377100780516,0.12267258799345115,-0.14693498500300398,0.14836193565959094,0.15929624661628877,-0.13382643472816244,-0.08944314251989476,0.0208378095618733,0.05052050162031455,1.0,-0.11247299292986081,0.2132830359255025,-0.026316599541909708,-0.009333012811316509,-0.05050637858356191,-0.17133790647784283,-0.015857999323167803,0.057733329694876996,0.2861729132355087,0.09021228712245409,0.13520151194744046,-0.17119776402997172],[-0.019706421362907466,-0.21022847638510533,-0.1389511215639559,-0.1099322198709244,-0.047149327167613775,-0.17323013961817274,0.013530059320899637,0.10908042459444359,-0.22024163811995756,0.12797246752771102,-0.08277349269681757,-0.09451583091136556,0.13225555837633868,0.2111884579468944,0.1897078581013962,-0.11195701444492838,-0.16088276295184362,-0.1427459575368212,-0.2151143216229876,-0.14375393169293885,0.11324873782879843,0.27116497343778434,0.039587551267280564,0.008985253725936025,0.025981370725002895,-0.11372424473780098,0.3385960229664819,-0.11247299292986081,1.0,0.4825063197798102,-0.0164257494888377,0.0010762067671995423,0.16008881040571019,0.09155702029783896,0.15444313942839744,0.04345261860880516,-0.022828187252704378,0.08775889798832003,-0.14727334493375685,-0.024301796021557714],[0.15325970829889868,-0.06333884259794481,-0.03776387679802434,-0.05475301590502851,0.06778345466177596,0.13181614876578093,0.07177073628446064,-0.21334807717023116,-0.19555464401421963,-0.023066386742700184,-0.1383807692706525,-0.08333239713299853,0.37109109315701505,0.12926737639746064,-0.04992925484569951,-0.11156260416247214,-0.1496430467761428,-0.2640429649383913,-0.18823187788337842,-0.08709587925482919,-0.03443890105661309,0.12047252121550793,-0.08955434079567437,-0.11928084040736443,0.2554927849690827,0.05102273677354333,0.06522049202842321,0.2132830359255025,0.4825063197798102,1.0,0.12830947726327616,-0.1430062012773944,0.21864031397734232,0.1468584406242817,-0.03744660820847984,0.21392234678648286,0.1594195644440737,0.2901412288215088,0.07777456893240178,-0.13250359081639282],[-0.0401370632808517,0.03047063897885518,-0.01545760053761852,-0.03330819496440725,-0.07489616848331881,0.16454797650751712,-0.044843867118934115,-0.12023906017893744,0.09228094063849362,0.20162727431728633,-0.07389292501746156,-0.18731065781325765,0.08653674734195187,-0.15285491503374338,-0.04068525024641956,0.015571563828939929,0.012166949713698251,-0.026629487643141627,0.1338661097950828,0.1171264731240801,0.1341880242302551,-0.18915103049400736,-0.19653095624401573,0.0038480892140899253,0.3247868336023741,0.19866160621512508,0.29060804173480315,-0.026316599541909708,-0.0164257494888377,0.12830947726327616,1.0,-0.08491868849789909,-0.1943607496379819,-0.04380822464875436,-0.042762225995481844,-0.1266476894422312,-0.07344134145207677,0.0003559413993183784,-0.05447549982388879,-0.02380091999895505],[0.15160869068611668,-0.19521071261031786,-0.11053865195295104,0.01604630952136213,-0.07959686507151842,-0.25606971622007013,0.1346873872121038,-0.1419651550550751,-0.08955340760416641,-0.09349762694574155,0.04234248969016809,-0.12442465604097429,-0.11603765038865774,0.08185356158091892,0.10898838803374458,0.13489981802507348,0.14969189204575134,-0.10233569793732221,0.12933286214027906,0.010912483677508269,0.1409199275576058,0.10266783780856736,0.0352488907737031,-0.09589417265633181,-0.033567031150378984,-0.12455687007513937,-0.15080509017168933,-0.009333012811316509,0.0010762067671995423,-0.1430062012773944,-0.08491868849789909,1.0,-0.22696431656163105,-0.1770195660136616,-0.02084843041188618,0.29435699598163007,0.36155607982071103,-0.11189469367176809,0.16124133775717692,-0.09230529789235276],[0.09045242066056428,-0.0648887571788835,-0.021752239405416082,0.05081594162388718,-0.09049842472027757,0.25776598342224033,0.09410103987528554,0.07668836545834107,-0.07561979535212368,-0.038572640019711855,-0.13052722604070896,-0.1942023071616329,0.13777059636613462,0.28373739335840154,-0.23811810724959512,-0.13188383725007288,-0.13010049561806544,-0.09827439892959305,-0.1978837357298706,0.22243662855054028,-0.11873744097515028,0.09772746997677452,0.019954321769185608,-0.069464746805319,0.2129632911121152,-0.03463730755182916,0.12919065289905293,-0.05050637858356191,0.16008881040571019,0.21864031397734232,-0.1943607496379819,-0.22696431656163105,1.0,0.0560071075019901,-0.014698895758245959,0.22023968748389317,-0.06632600428854882,-0.0031132276366454452,-0.16365503345396465,0.001064070561306245],[0.3149135707927873,0.16178168777307395,-0.16099915685171098,-0.14814748674101202,-0.04303274248277891,0.01066759031788045,0.22600628737419268,-0.11464693882137728,0.34751385857134764,0.1800338867866288,-0.08146211297444376,0.019381177400228742,-0.022960561000316397,-0.12714826701674992,0.013591399018380702,0.002883639481905804,-0.06709630288294302,-0.05943972245516923,-0.15322026231172334,0.029585336425511095,0.1348635953621234,0.03799873879556119,-0.3135836667636108,0.3953985429678393,0.23745897638560332,-0.023058073321450462,0.06029067201137578,-0.17133790647784283,0.09155702029783896,0.1468584406242817,-0.04380822464875436,-0.1770195660136616,0.0560071075019901,1.0,0.000602915002073728,-0.002115422003838794,0.11920001669490803,0.11318966068576937,-0.10469489903473035,-0.06498470089211246],[0.05215704300720506,-0.1613423362897606,-0.0906716110454107,-0.2813768209141294,0.008299972315674078,-0.10412036264832246,-0.027315217271724736,-0.09732895154167943,-0.11593953239445216,0.11387263724925924,-0.0012299588060880788,-0.2415648707859003,-0.04750999702971937,-0.09217334835358551,0.012563270739630738,0.038060769932922046,0.04503526311000084,-0.03542502885896162,0.0018219836099457075,-0.17001331598997563,-0.11775673576823475,0.09276022870964296,-0.22648593184681562,-0.06771237484904373,0.12798373721476694,0.01714478801746044,0.016381829340398512,-0.015857999323167803,0.15444313942839744,-0.03744660820847984,-0.042762225995481844,-0.02084843041188618,-0.014698895758245959,0.000602915002073728,1.0,-0.08161747595654667,0.1146228100743177,-0.001656700259487888,-0.004364922652690266,-0.0009184600036393627],[0.061555224365186643,0.01746214329809984,0.06914220752161916,-0.004653384534725714,0.008718693997598993,0.059771138880400795,0.04617956518426768,-0.06169939907590697,-0.07684797877834768,0.06885281577788503,-0.1964280470896818,0.052161056909969576,0.05189475693263277,0.19522122794712557,0.045696442046784885,0.06594682256343824,-0.07968620465736592,-0.1004076322560861,0.03158346364298024,0.06819024377833563,-0.09708059851350541,0.05492845941963978,-0.1443053102340089,-0.04721272468597783,0.14016844177809518,-0.26349460203462255,-0.22288578471522108,0.057733329694876996,0.04345261860880516,0.21392234678648286,-0.1266476894422312,0.29435699598163007,0.22023968748389317,-0.002115422003838794,-0.08161747595654667,1.0,0.27627386868426723,0.05658182449448517,0.15118412302634188,-0.14652767653073134],[0.013952920209745524,0.23367993565135822,0.006868760088532689,-0.09030186935560719,0.09152537121364944,0.18124967744750145,0.049658978441730596,-0.2729095391814915,-0.3940126736580319,-0.36935709568677344,-0.23591592219899707,0.0007105996490466376,0.13497136650911437,-0.04933022410698377,0.18031976702912175,-0.09490225257282575,-0.10163732882315714,-0.22262150604297257,-0.1585586184963455,-0.0977054057246434,-0.05602607181604995,-0.008275308597519928,-0.021749010591317435,-0.12439437762483489,0.20959642907446918,-0.20600763196007404,-0.09473539848642387,0.2861729132355087,-0.022828187252704378,0.1594195644440737,-0.07344134145207677,0.36155607982071103,-0.06632600428854882,0.11920001669490803,0.1146228100743177,0.27627386868426723,1.0,0.014645223828336275,0.22878792116815416,-0.17611516255051732],[-0.11358592743979554,-0.14641391591883432,-0.09302555781946509,-0.010754440193882386,-0.19788558112490287,0.1281504648568037,-0.20259291943705934,-0.0038108827327346865,0.1660549171889253,-0.12523312328867192,-0.16748252715659698,-0.0808570572571088,0.632282351564797,-0.09382935832326914,0.10311920515084942,-0.045086192819306786,0.00472760732683201,0.06548190923027333,0.0020442957556398014,-0.02141798398781062,0.011674444265984274,-0.12901112082010005,-0.07931558746761022,0.06677761702881761,-0.049376916149298754,-0.003577383144300008,0.24485416229889417,0.09021228712245409,0.08775889798832003,0.2901412288215088,0.0003559413993183784,-0.11189469367176809,-0.0031132276366454452,0.11318966068576937,-0.001656700259487888,0.05658182449448517,0.014645223828336275,1.0,0.009400036228231946,0.08657421068987474],[-0.04564094104970904,-0.0978730671420564,0.10329089895647199,-0.08851635624893084,0.015156472957569498,-0.1877888845870453,-0.22217471754155385,-0.0010547876704049355,-0.03379090706809667,-0.060785017690939906,0.11742151670173187,-0.04667440024032929,0.05956163435896203,0.1255627053850311,0.027444869714995015,-0.06520810264349804,-0.03888594924014375,-0.04395469881839988,0.06470406669590249,0.0648757781319225,-0.03750358018440592,-0.08003409478157736,0.14991903244830582,0.15211507530960586,-0.11807958408872984,0.10849981025341011,-0.03888408471496725,0.13520151194744046,-0.14727334493375685,0.07777456893240178,-0.05447549982388879,0.16124133775717692,-0.16365503345396465,-0.10469489903473035,-0.004364922652690266,0.15118412302634188,0.22878792116815416,0.009400036228231946,1.0,-0.09622499823558328],[0.06929284782497176,-0.05893040566663913,-0.04321593367566998,0.06039807014223741,0.15812096073285326,0.15064001992752454,-0.1764042951565348,-0.10913179705826216,-0.05566979228215741,-0.00795242815353526,0.07599399191172554,-0.24165694861446818,0.039271158090086064,-0.1301339622236014,-6.118970494461519e-05,-0.05021396817132334,-0.08505395579805763,0.11169697145251854,-0.14092863059882127,-0.0009657943384430837,-0.1835240021876282,-0.18614454827490282,-0.12032737123872964,0.11232133706002778,-0.08046576651336923,0.08887264013139472,0.0334450855908983,-0.17119776402997172,-0.024301796021557714,-0.13250359081639282,-0.02380091999895505,-0.09230529789235276,0.001064070561306245,-0.06498470089211246,-0.0009184600036393627,-0.14652767653073134,-0.17611516255051732,0.08657421068987474,-0.09622499823558328,1.0]],"type":"heatmap","xaxis":"x","yaxis":"y","hovertemplate":"Genre: %{x}\u003cbr\u003eGenre: %{y}\u003cbr\u003eCorrelation: %{z}\u003cextra\u003e\u003c\u002fextra\u003e"}],"layout":{"template":{"data":{"histogram2dcontour":[{"type":"histogram2dcontour","colorbar":{"outlinewidth":0,"ticks":""},"colorscale":[[0.0,"#0d0887"],[0.1111111111111111,"#46039f"],[0.2222222222222222,"#7201a8"],[0.3333333333333333,"#9c179e"],[0.4444444444444444,"#bd3786"],[0.5555555555555556,"#d8576b"],[0.6666666666666666,"#ed7953"],[0.7777777777777778,"#fb9f3a"],[0.8888888888888888,"#fdca26"],[1.0,"#f0f921"]]}],"choropleth":[{"type":"choropleth","colorbar":{"outlinewidth":0,"ticks":""}}],"histogram2d":[{"type":"histogram2d","colorbar":{"outlinewidth":0,"ticks":""},"colorscale":[[0.0,"#0d0887"],[0.1111111111111111,"#46039f"],[0.2222222222222222,"#7201a8"],[0.3333333333333333,"#9c179e"],[0.4444444444444444,"#bd3786"],[0.5555555555555556,"#d8576b"],[0.6666666666666666,"#ed7953"],[0.7777777777777778,"#fb9f3a"],[0.8888888888888888,"#fdca26"],[1.0,"#f0f921"]]}],"heatmap":[{"type":"heatmap","colorbar":{"outlinewidth":0,"ticks":""},"colorscale":[[0.0,"#0d0887"],[0.1111111111111111,"#46039f"],[0.2222222222222222,"#7201a8"],[0.3333333333333333,"#9c179e"],[0.4444444444444444,"#bd3786"],[0.5555555555555556,"#d8576b"],[0.6666666666666666,"#ed7953"],[0.7777777777777778,"#fb9f3a"],[0.8888888888888888,"#fdca26"],[1.0,"#f0f921"]]}],"heatmapgl":[{"type":"heatmapgl","colorbar":{"outlinewidth":0,"ticks":""},"colorscale":[[0.0,"#0d0887"],[0.1111111111111111,"#46039f"],[0.2222222222222222,"#7201a8"],[0.3333333333333333,"#9c179e"],[0.4444444444444444,"#bd3786"],[0.5555555555555556,"#d8576b"],[0.6666666666666666,"#ed7953"],[0.7777777777777778,"#fb9f3a"],[0.8888888888888888,"#fdca26"],[1.0,"#f0f921"]]}],"contourcarpet":[{"type":"contourcarpet","colorbar":{"outlinewidth":0,"ticks":""}}],"contour":[{"type":"contour","colorbar":{"outlinewidth":0,"ticks":""},"colorscale":[[0.0,"#0d0887"],[0.1111111111111111,"#46039f"],[0.2222222222222222,"#7201a8"],[0.3333333333333333,"#9c179e"],[0.4444444444444444,"#bd3786"],[0.5555555555555556,"#d8576b"],[0.6666666666666666,"#ed7953"],[0.7777777777777778,"#fb9f3a"],[0.8888888888888888,"#fdca26"],[1.0,"#f0f921"]]}],"surface":[{"type":"surface","colorbar":{"outlinewidth":0,"ticks":""},"colorscale":[[0.0,"#0d0887"],[0.1111111111111111,"#46039f"],[0.2222222222222222,"#7201a8"],[0.3333333333333333,"#9c179e"],[0.4444444444444444,"#bd3786"],[0.5555555555555556,"#d8576b"],[0.6666666666666666,"#ed7953"],[0.7777777777777778,"#fb9f3a"],[0.8888888888888888,"#fdca26"],[1.0,"#f0f921"]]}],"mesh3d":[{"type":"mesh3d","colorbar":{"outlinewidth":0,"ticks":""}}],"scatter":[{"fillpattern":{"fillmode":"overlay","size":10,"solidity":0.2},"type":"scatter"}],"parcoords":[{"type":"parcoords","line":{"colorbar":{"outlinewidth":0,"ticks":""}}}],"scatterpolargl":[{"type":"scatterpolargl","marker":{"colorbar":{"outlinewidth":0,"ticks":""}}}],"bar":[{"error_x":{"color":"#2a3f5f"},"error_y":{"color":"#2a3f5f"},"marker":{"line":{"color":"#E5ECF6","width":0.5},"pattern":{"fillmode":"overlay","size":10,"solidity":0.2}},"type":"bar"}],"scattergeo":[{"type":"scattergeo","marker":{"colorbar":{"outlinewidth":0,"ticks":""}}}],"scatterpolar":[{"type":"scatterpolar","marker":{"colorbar":{"outlinewidth":0,"ticks":""}}}],"histogram":[{"marker":{"pattern":{"fillmode":"overlay","size":10,"solidity":0.2}},"type":"histogram"}],"scattergl":[{"type":"scattergl","marker":{"colorbar":{"outlinewidth":0,"ticks":""}}}],"scatter3d":[{"type":"scatter3d","line":{"colorbar":{"outlinewidth":0,"ticks":""}},"marker":{"colorbar":{"outlinewidth":0,"ticks":""}}}],"scattermapbox":[{"type":"scattermapbox","marker":{"colorbar":{"outlinewidth":0,"ticks":""}}}],"scatterternary":[{"type":"scatterternary","marker":{"colorbar":{"outlinewidth":0,"ticks":""}}}],"scattercarpet":[{"type":"scattercarpet","marker":{"colorbar":{"outlinewidth":0,"ticks":""}}}],"carpet":[{"aaxis":{"endlinecolor":"#2a3f5f","gridcolor":"white","linecolor":"white","minorgridcolor":"white","startlinecolor":"#2a3f5f"},"baxis":{"endlinecolor":"#2a3f5f","gridcolor":"white","linecolor":"white","minorgridcolor":"white","startlinecolor":"#2a3f5f"},"type":"carpet"}],"table":[{"cells":{"fill":{"color":"#EBF0F8"},"line":{"color":"white"}},"header":{"fill":{"color":"#C8D4E3"},"line":{"color":"white"}},"type":"table"}],"barpolar":[{"marker":{"line":{"color":"#E5ECF6","width":0.5},"pattern":{"fillmode":"overlay","size":10,"solidity":0.2}},"type":"barpolar"}],"pie":[{"automargin":true,"type":"pie"}]},"layout":{"autotypenumbers":"strict","colorway":["#636efa","#EF553B","#00cc96","#ab63fa","#FFA15A","#19d3f3","#FF6692","#B6E880","#FF97FF","#FECB52"],"font":{"color":"#2a3f5f"},"hovermode":"closest","hoverlabel":{"align":"left"},"paper_bgcolor":"white","plot_bgcolor":"#E5ECF6","polar":{"bgcolor":"#E5ECF6","angularaxis":{"gridcolor":"white","linecolor":"white","ticks":""},"radialaxis":{"gridcolor":"white","linecolor":"white","ticks":""}},"ternary":{"bgcolor":"#E5ECF6","aaxis":{"gridcolor":"white","linecolor":"white","ticks":""},"baxis":{"gridcolor":"white","linecolor":"white","ticks":""},"caxis":{"gridcolor":"white","linecolor":"white","ticks":""}},"coloraxis":{"colorbar":{"outlinewidth":0,"ticks":""}},"colorscale":{"sequential":[[0.0,"#0d0887"],[0.1111111111111111,"#46039f"],[0.2222222222222222,"#7201a8"],[0.3333333333333333,"#9c179e"],[0.4444444444444444,"#bd3786"],[0.5555555555555556,"#d8576b"],[0.6666666666666666,"#ed7953"],[0.7777777777777778,"#fb9f3a"],[0.8888888888888888,"#fdca26"],[1.0,"#f0f921"]],"sequentialminus":[[0.0,"#0d0887"],[0.1111111111111111,"#46039f"],[0.2222222222222222,"#7201a8"],[0.3333333333333333,"#9c179e"],[0.4444444444444444,"#bd3786"],[0.5555555555555556,"#d8576b"],[0.6666666666666666,"#ed7953"],[0.7777777777777778,"#fb9f3a"],[0.8888888888888888,"#fdca26"],[1.0,"#f0f921"]],"diverging":[[0,"#8e0152"],[0.1,"#c51b7d"],[0.2,"#de77ae"],[0.3,"#f1b6da"],[0.4,"#fde0ef"],[0.5,"#f7f7f7"],[0.6,"#e6f5d0"],[0.7,"#b8e186"],[0.8,"#7fbc41"],[0.9,"#4d9221"],[1,"#276419"]]},"xaxis":{"gridcolor":"white","linecolor":"white","ticks":"","title":{"standoff":15},"zerolinecolor":"white","automargin":true,"zerolinewidth":2},"yaxis":{"gridcolor":"white","linecolor":"white","ticks":"","title":{"standoff":15},"zerolinecolor":"white","automargin":true,"zerolinewidth":2},"scene":{"xaxis":{"backgroundcolor":"#E5ECF6","gridcolor":"white","linecolor":"white","showbackground":true,"ticks":"","zerolinecolor":"white","gridwidth":2},"yaxis":{"backgroundcolor":"#E5ECF6","gridcolor":"white","