{"data":[{"coloraxis":"coloraxis","name":"0","x":["Drama","Silent film","Short Film","Black-and-white","Comedy","Indie","Romance Film","Action","Thriller","Crime Fiction","Adventure","Comedy film","World cinema","Documentary","Horror"],"y":["Drama","Silent film","Short Film","Black-and-white","Comedy","Indie","Romance Film","Action","Thriller","Crime Fiction","Adventure","Comedy film","World cinema","Documentary","Horror"],"z":[[1.0,-0.06446621018228008,0.03422009613285812,-0.09198126468607794,0.13506724323546204,-0.18447207302867955,0.36471419825573526,-0.3873688595377397,0.2798042536957303,0.1037341833654331,-0.34829477942986437,-0.41229349527591175,0.008562872523304212,0.014479600424950568,0.14257787819197018],[-0.06446621018228008,1.0,0.1910405547127911,0.06457872904137468,-0.014002254036421637,0.09541876418025003,-0.013095096466437722,-0.03660260279460754,0.062014793222441106,0.01585875527294341,-0.11851110158472336,0.00999640268731399,0.03395685807850395,0.05549548741345644,-0.057161960482563126],[0.03422009613285812,0.1910405547127911,1.0,-0.14540236810862808,0.2526107726648667,-0.19177590190557026,-0.26501275996402585,-0.02167055447723588,-0.07388208792678233,-0.034159055011645074,-0.3089190339092653,0.22998719029407608,0.0895350128570075,0.15645960188173968,-0.006037080024460373],[-0.09198126468607794,0.06457872904137468,-0.14540236810862808,1.0,-0.20585693282938258,0.28324479372700195,0.011965441764455817,-0.04658997737468939,-0.0021249340497568143,-0.03198671917638861,-0.09869572331268664,-0.19135201314401612,-0.00555965866225719,0.021717320079363844,-0.05053819249289172],[0.13506724323546204,-0.014002254036421637,0.2526107726648667,-0.20585693282938258,1.0,-0.10019282619208292,-0.16885969963216266,-0.3559772614674497,-0.190802199976712,-0.151400460856848,-0.19357575844613112,0.5495228087340888,-0.11345518185772913,-0.14638446385707155,-0.12220645230582118],[-0.18447207302867955,0.09541876418025003,-0.19177590190557026,0.28324479372700195,-0.10019282619208292,1.0,-0.017156957952162155,-0.19196477560191616,-0.066168626574989,-0.1491897524167278,0.00467927489692784,-0.1543685891366815,0.08671779379640669,-0.07167682967267978,-0.172130309774913],[0.36471419825573526,-0.013095096466437722,-0.26501275996402585,0.011965441764455817,-0.16885969963216266,-0.017156957952162155,1.0,-0.1716064937126498,0.25292218646244635,0.03304415429719362,0.1173519442516428,-0.22353284406715468,-0.10014652496436648,-0.14565446777741722,-0.06606927890039145],[-0.3873688595377397,-0.03660260279460754,-0.02167055447723588,-0.04658997737468939,-0.3559772614674497,-0.19196477560191616,-0.1716064937126498,1.0,-0.04423992039991205,0.2883358269205677,-0.18852755192711318,0.4916781872346715,-0.12728150456711151,0.030171018327444395,0.24820088541268345],[0.2798042536957303,0.062014793222441106,-0.07388208792678233,-0.0021249340497568143,-0.190802199976712,-0.066168626574989,0.25292218646244635,-0.04423992039991205,1.0,0.3580860949365119,-0.04264370203308563,-0.02413596954909842,-0.153104832944812,-0.041307747097750445,-0.12020141102343362],[0.1037341833654331,0.01585875527294341,-0.034159055011645074,-0.03198671917638861,-0.151400460856848,-0.1491897524167278,0.03304415429719362,0.2883358269205677,0.3580860949365119,1.0,-0.02023186954484085,0.1072972126011673,-0.21828788046383824,-0.07312176421524781,-0.0629299623629126],[-0.34829477942986437,-0.11851110158472336,-0.3089190339092653,-0.09869572331268664,-0.19357575844613112,0.00467927489692784,0.1173519442516428,-0.18852755192711318,-0.04264370203308563,-0.02023186954484085,1.0,-0.007309052472167041,-0.16922773971670632,-0.1307773660900441,-0.19156929963959585],[-0.41229349527591175,0.00999640268731399,0.22998719029407608,-0.19135201314401612,0.5495228087340888,-0.1543685891366815,-0.22353284406715468,0.4916781872346715,-0.02413596954909842,0.1072972126011673,-0.007309052472167041,1.0,-0.16583072633978158,-0.06781134746813468,-0.058146375407025726],[0.008562872523304212,0.03395685807850395,0.0895350128570075,-0.00555965866225719,-0.11345518185772913,0.08671779379640669,-0.10014652496436648,-0.12728150456711151,-0.153104832944812,-0.21828788046383824,-0.16922773971670632,-0.16583072633978158,1.0,0.09738016003355363,0.04507297211373415],[0.014479600424950568,0.05549548741345644,0.15645960188173968,0.021717320079363844,-0.14638446385707155,-0.07167682967267978,-0.14565446777741722,0.030171018327444395,-0.041307747097750445,-0.07312176421524781,-0.1307773660900441,-0.06781134746813468,0.09738016003355363,1.0,-0.00464316294136034],[0.14257787819197018,-0.057161960482563126,-0.006037080024460373,-0.05053819249289172,-0.12220645230582118,-0.172130309774913,-0.06606927890039145,0.24820088541268345,-0.12020141102343362,-0.0629299623629126,-0.19156929963959585,-0.058146375407025726,0.04507297211373415,-0.00464316294136034,1.0]],"type":"heatmap","xaxis":"x","yaxis":"y","hovertemplate":"Genre: %{x}\u003cbr\u003eGenre: %{y}\u003cbr\u003eCorrelation: %{z}\u003cextra\u003e\u003c\u002fextra\u003e"}],"layout":{"template":{"data":{"histogram2dcontour":[{"type":"histogram2dcontour","colorbar":{"outlinewidth":0,"ticks":""},"colorscale":[[0.0,"#0d0887"],[0.1111111111111111,"#46039f"],[0.2222222222222222,"#7201a8"],[0.3333333333333333,"#9c179e"],[0.4444444444444444,"#bd3786"],[0.5555555555555556,"#d8576b"],[0.6666666666666666,"#ed7953"],[0.7777777777777778,"#fb9f3a"],[0.8888888888888888,"#fdca26"],[1.0,"#f0f921"]]}],"choropleth":[{"type":"choropleth","colorbar":{"outlinewidth":0,"ticks":""}}],"histogram2d":[{"type":"histogram2d","colorbar":{"outlinewidth":0,"ticks":""},"colorscale":[[0.0,"#0d0887"],[0.1111111111111111,"#46039f"],[0.2222222222222222,"#7201a8"],[0.3333333333333333,"#9c179e"],[0.4444444444444444,"#bd3786"],[0.5555555555555556,"#d8576b"],[0.6666666666666666,"#ed7953"],[0.7777777777777778,"#fb9f3a"],[0.8888888888888888,"#fdca26"],[1.0,"#f0f921"]]}],"heatmap":[{"type":"heatmap","colorbar":{"outlinewidth":0,"ticks":""},"colorscale":[[0.0,"#0d0887"],[0.1111111111111111,"#46039f"],[0.2222222222222222,"#7201a8"],[0.3333333333333333,"#9c179e"],[0.4444444444444444,"#bd3786"],[0.5555555555555556,"#d8576b"],[0.6666666666666666,"#ed7953"],[0.7777777777777778,"#fb9f3a"],[0.8888888888888888,"#fdca26"],[1.0,"#f0f921"]]}],"heatmapgl":[{"type":"heatmapgl","colorbar":{"outlinewidth":0,"ticks":""},"colorscale":[[0.0,"#0d0887"],[0.1111111111111111,"#46039f"],[0.2222222222222222,"#7201a8"],[0.3333333333333333,"#9c179e"],[0.4444444444444444,"#bd3786"],[0.5555555555555556,"#d8576b"],[0.6666666666666666,"#ed7953"],[0.7777777777777778,"#fb9f3a"],[0.8888888888888888,"#fdca26"],[1.0,"#f0f921"]]}],"contourcarpet":[{"type":"contourcarpet","colorbar":{"outlinewidth":0,"ticks":""}}],"contour":[{"type":"contour","colorbar":{"outlinewidth":0,"ticks":""},"colorscale":[[0.0,"#0d0887"],[0.1111111111111111,"#46039f"],[0.2222222222222222,"#7201a8"],[0.3333333333333333,"#9c179e"],[0.4444444444444444,"#bd3786"],[0.5555555555555556,"#d8576b"],[0.6666666666666666,"#ed7953"],[0.7777777777777778,"#fb9f3a"],[0.8888888888888888,"#fdca26"],[1.0,"#f0f921"]]}],"surface":[{"type":"surface","colorbar":{"outlinewidth":0,"ticks":""},"colorscale":[[0.0,"#0d0887"],[0.1111111111111111,"#46039f"],[0.2222222222222222,"#7201a8"],[0.3333333333333333,"#9c179e"],[0.4444444444444444,"#bd3786"],[0.5555555555555556,"#d8576b"],[0.6666666666666666,"#ed7953"],[0.7777777777777778,"#fb9f3a"],[0.8888888888888888,"#fdca26"],[1.0,"#f0f921"]]}],"mesh3d":[{"type":"mesh3d","colorbar":{"outlinewidth":0,"ticks":""}}],"scatter":[{"fillpattern":{"fillmode":"overlay","size":10,"solidity":0.2},"type":"scatter"}],"parcoords":[{"type":"parcoords","line":{"colorbar":{"outlinewidth":0,"ticks":""}}}],"scatterpolargl":[{"type":"scatterpolargl","marker":{"colorbar":{"outlinewidth":0,"ticks":""}}}],"bar":[{"error_x":{"color":"#2a3f5f"},"error_y":{"color":"#2a3f5f"},"marker":{"line":{"color":"#E5ECF6","width":0.5},"pattern":{"fillmode":"overlay","size":10,"solidity":0.2}},"type":"bar"}],"scattergeo":[{"type":"scattergeo","marker":{"colorbar":{"outlinewidth":0,"ticks":""}}}],"scatterpolar":[{"type":"scatterpolar","marker":{"colorbar":{"outlinewidth":0,"ticks":""}}}],"histogram":[{"marker":{"pattern":{"fillmode":"overlay","size":10,"solidity":0.2}},"type":"histogram"}],"scattergl":[{"type":"scattergl","marker":{"colorbar":{"outlinewidth":0,"ticks":""}}}],"scatter3d":[{"type":"scatter3d","line":{"colorbar":{"outlinewidth":0,"ticks":""}},"marker":{"colorbar":{"outlinewidth":0,"ticks":""}}}],"scattermapbox":[{"type":"scattermapbox","marker":{"colorbar":{"outlinewidth":0,"ticks":""}}}],"scatterternary":[{"type":"scatterternary","marker":{"colorbar":{"outlinewidth":0,"ticks":""}}}],"scattercarpet":[{"type":"scattercarpet","marker":{"colorbar":{"outlinewidth":0,"ticks":""}}}],"carpet":[{"aaxis":{"endlinecolor":"#2a3f5f","gridcolor":"white","linecolor":"white","minorgridcolor":"white","startlinecolor":"#2a3f5f"},"baxis":{"endlinecolor":"#2a3f5f","gridcolor":"white","linecolor":"white","minorgridcolor":"white","startlinecolor":"#2a3f5f"},"type":"carpet"}],"table":[{"cells":{"fill":{"color":"#EBF0F8"},"line":{"color":"white"}},"header":{"fill":{"color":"#C8D4E3"},"line":{"color":"white"}},"type":"table"}],"barpolar":[{"marker":{"line":{"color":"#E5ECF6","width":0.5},"pattern":{"fillmode":"overlay","size":10,"solidity":0.2}},"type":"barpolar"}],"pie":[{"automargin":true,"type":"pie"}]},"layout":{"autotypenumbers":"strict","colorway":["#636efa","#EF553B","#00cc96","#ab63fa","#FFA15A","#19d3f3","#FF6692","#B6E880","#FF97FF","#FECB52"],"font":{"color":"#2a3f5f"},"hovermode":"closest","hoverlabel":{"align":"left"},"paper_bgcolor":"white","plot_bgcolor":"#E5ECF6","polar":{"bgcolor":"#E5ECF6","angularaxis":{"gridcolor":"white","linecolor":"white","ticks":""},"radialaxis":{"gridcolor":"white","linecolor":"white","ticks":""}},"ternary":{"bgcolor":"#E5ECF6","aaxis":{"gridcolor":"white","linecolor":"white","ticks":""},"baxis":{"gridcolor":"white","linecolor":"white","ticks":""},"caxis":{"gridcolor":"white","linecolor":"white","ticks":""}},"coloraxis":{"colorbar":{"outlinewidth":0,"ticks":""}},"colorscale":{"sequential":[[0.0,"#0d0887"],[0.1111111111111111,"#46039f"],[0.2222222222222222,"#7201a8"],[0.3333333333333333,"#9c179e"],[0.4444444444444444,"#bd3786"],[0.5555555555555556,"#d8576b"],[0.6666666666666666,"#ed7953"],[0.7777777777777778,"#fb9f3a"],[0.8888888888888888,"#fdca26"],[1.0,"#f0f921"]],"sequentialminus":[[0.0,"#0d0887"],[0.1111111111111111,"#46039f"],[0.2222222222222222,"#7201a8"],[0.3333333333333333,"#9c179e"],[0.4444444444444444,"#bd3786"],[0.5555555555555556,"#d8576b"],[0.6666666666666666,"#ed7953"],[0.7777777777777778,"#fb9f3a"],[0.8888888888888888,"#fdca26"],[1.0,"#f0f921"]],"diverging":[[0,"#8e0152"],[0.1,"#c51b7d"],[0.2,"#de77ae"],[0.3,"#f1b6da"],[0.4,"#fde0ef"],[0.5,"#f7f7f7"],[0.6,"#e6f5d0"],[0.7,"#b8e186"],[0.8,"#7fbc41"],[0.9,"#4d9221"],[1,"#276419"]]},"xaxis":{"gridcolor":"white","linecolor":"white","ticks":"","title":{"standoff":15},"zerolinecolor":"white","automargin":true,"zerolinewidth":2},"yaxis":{"gridcolor":"white","linecolor":"white","ticks":"","title":{"standoff":15},"zerolinecolor":"white","automargin":true,"zerolinewidth":2},"scene":{"xaxis":{"backgroundcolor":"#E5ECF6","gridcolor":"white","linecolor":"white","showbackground":true,"ticks":"","zerolinecolor":"white","gridwidth":2},"yaxis":{"backgroundcolor":"#E5ECF6","gridcolor":"white","linecolor":"white","showbackground":true,"ticks":"","zerolinecolor":"white","gridwidth":2},"zaxis":{"backgroundcolor":"#E5ECF6","gridcolor":"white","linecolor":"white","showbackground":true,"ticks":"","zerolinecolor":"white","gridwidth":2}},"shapedefaults":{"line":{"color":"#2a3f5f"}},"annotationdefaults":{"arrowcolor":"#2a3f5f","arrowhead":0,"arrowwidth":1},"geo":{"bgcolor":"white","landcolor":"#E5ECF6","subunitcolor":"white","showland":true,"showlakes":true,"lakecolor":"white"},"title":{"x":0.05},"mapbox":{"style":"light"}}},"xaxis":{"anchor":"y","domain":[0.0,1.0],"scaleanchor":"y","constrain":"domain","title":{"text":"Genre"}},"yaxis":{"anchor":"x","domain":[0.0,1.0],"autorange":"reversed","constrain":"domain","title":{"text":"Genre"}},"coloraxis":{"colorbar":{"title":{"text":"Correlation"}},"colorscale":[[0.0,"rgb(103,0,31)"],[0.1,"rgb(178,24,43)"],[0.2,"rgb(214,96,77)"],[0.3,"rgb(244,165,130)"],[0.4,"rgb(253,219,199)"],[0.5,"rgb(247,247,247)"],[0.6,"rgb(209,229,240)"],[0.7,"rgb(146,197,222)"],[0.8,"rgb(67,147,195)"],[0.9,"rgb(33,102,172)"],[1.0,"rgb(5,48,97)"]],"cmin":-1,"cmax":1},"margin":{"t":80,"l":40,"r":40,"b":40},"title":{"text":"Correlation matrix of the frequency variation of the top 15 genres through time"},"width":800,"height":600}}