{"data":[{"coloraxis":"coloraxis","name":"0","x":["Drama","Black-and-white","Comedy","Silent film","Short Film","Romance Film","Indie","Action","Crime Fiction","Thriller","Adventure","World cinema","Musical","Comedy film","Family Film"],"y":["Drama","Black-and-white","Comedy","Silent film","Short Film","Romance Film","Indie","Action","Crime Fiction","Thriller","Adventure","World cinema","Musical","Comedy film","Family Film"],"z":[[1.0,-0.07865082466077457,-0.3311457530718579,-0.1149337692498628,-0.11779076668420636,0.2631036057420497,-0.08705336000498885,-0.0858910293401765,0.18526774706705676,0.2761090225589357,0.042584331232433256,-0.0024083623923937367,0.07429271180229201,0.027423358330933182,-0.015864616090070224],[-0.07865082466077457,1.0,0.09303916842437109,0.08605779728984424,-0.045322143245826736,-0.05021852528676733,0.060824668077366306,-0.009785880376362953,0.057772314175430425,0.008550531968534733,-0.04818746950169609,-0.04264398885846695,-0.022404481585874266,-0.009955909056027674,0.01277345390423935],[-0.3311457530718579,0.09303916842437109,1.0,0.05436811159388182,0.12515128810751716,-0.08020169448077041,0.11589276455346796,-0.20888482542040696,-0.16426780322013432,-0.2988846710640348,0.08693987378857522,-0.18714470072197603,-0.050894789053435245,-0.223153514273748,0.13512031939906374],[-0.1149337692498628,0.08605779728984424,0.05436811159388182,1.0,0.150433298564047,0.04066029142381842,0.17872989788850613,0.01035751444482711,0.08680234732233466,0.06596344882044763,-0.055198980452892954,-0.005784823480297926,0.04275967169671219,0.016670264288124785,0.08822016047399706],[-0.11779076668420636,-0.045322143245826736,0.12515128810751716,0.150433298564047,1.0,-0.0576671801767027,-0.09879943813456042,-0.12935425354675417,-0.14052728730251282,-0.1258876942891181,0.0995929166597874,0.03253779205540918,0.11032158538395978,0.047494332872865405,-0.0083375293566724],[0.2631036057420497,-0.05021852528676733,-0.08020169448077041,0.04066029142381842,-0.0576671801767027,1.0,-0.021645046139152854,0.19668563481576753,0.22748738149262196,0.4357078939132941,-0.32662590567855193,-0.11629790539598725,0.26259225353282006,0.11139724744054395,-0.011005130938945585],[-0.08705336000498885,0.060824668077366306,0.11589276455346796,0.17872989788850613,-0.09879943813456042,-0.021645046139152854,1.0,-0.13892773296638508,-0.02239741751632686,-0.04904471939415252,-0.042555907790076786,-0.06445386961769706,-0.12150764318117407,-0.07656921230318901,0.00818123987103751],[-0.0858910293401765,-0.009785880376362953,-0.20888482542040696,0.01035751444482711,-0.12935425354675417,0.19668563481576753,-0.13892773296638508,1.0,0.1938785807023769,0.16992845504681184,0.1596467774791041,-0.08712630651778518,-0.01887461669445528,0.27585946707278725,-0.00217746363305058],[0.18526774706705676,0.057772314175430425,-0.16426780322013432,0.08680234732233466,-0.14052728730251282,0.22748738149262196,-0.02239741751632686,0.1938785807023769,1.0,0.3309442792695075,-0.094956741256726,-0.19791029977831545,0.012700591257412252,-0.1078962644886309,0.057168015034711854],[0.2761090225589357,0.008550531968534733,-0.2988846710640348,0.06596344882044763,-0.1258876942891181,0.4357078939132941,-0.04904471939415252,0.16992845504681184,0.3309442792695075,1.0,-0.05997745099257809,-0.1422518786745824,0.10902872121030953,0.06169343635918414,0.35459246887936957],[0.042584331232433256,-0.04818746950169609,0.08693987378857522,-0.055198980452892954,0.0995929166597874,-0.32662590567855193,-0.042555907790076786,0.1596467774791041,-0.094956741256726,-0.05997745099257809,1.0,-0.09418942435127212,-0.1692537159521334,-0.02635576109848526,0.1576992474234775],[-0.0024083623923937367,-0.04264398885846695,-0.18714470072197603,-0.005784823480297926,0.03253779205540918,-0.11629790539598725,-0.06445386961769706,-0.08712630651778518,-0.19791029977831545,-0.1422518786745824,-0.09418942435127212,1.0,0.056174114393728526,-0.12778140004851615,-0.07817827078593706],[0.07429271180229201,-0.022404481585874266,-0.050894789053435245,0.04275967169671219,0.11032158538395978,0.26259225353282006,-0.12150764318117407,-0.01887461669445528,0.012700591257412252,0.10902872121030953,-0.1692537159521334,0.056174114393728526,1.0,0.11690886289459652,0.04825546988152118],[0.027423358330933182,-0.009955909056027674,-0.223153514273748,0.016670264288124785,0.047494332872865405,0.11139724744054395,-0.07656921230318901,0.27585946707278725,-0.1078962644886309,0.06169343635918414,-0.02635576109848526,-0.12778140004851615,0.11690886289459652,1.0,-0.25762569533581237],[-0.015864616090070224,0.01277345390423935,0.13512031939906374,0.08822016047399706,-0.0083375293566724,-0.011005130938945585,0.00818123987103751,-0.00217746363305058,0.057168015034711854,0.35459246887936957,0.1576992474234775,-0.07817827078593706,0.04825546988152118,-0.25762569533581237,1.0]],"type":"heatmap","xaxis":"x","yaxis":"y","hovertemplate":"Genre: %{x}\u003cbr\u003eGenre: %{y}\u003cbr\u003eCorrelation: %{z}\u003cextra\u003e\u003c\u002fextra\u003e"}],"layout":{"template":{"data":{"histogram2dcontour":[{"type":"histogram2dcontour","colorbar":{"outlinewidth":0,"ticks":""},"colorscale":[[0.0,"#0d0887"],[0.1111111111111111,"#46039f"],[0.2222222222222222,"#7201a8"],[0.3333333333333333,"#9c179e"],[0.4444444444444444,"#bd3786"],[0.5555555555555556,"#d8576b"],[0.6666666666666666,"#ed7953"],[0.7777777777777778,"#fb9f3a"],[0.8888888888888888,"#fdca26"],[1.0,"#f0f921"]]}],"choropleth":[{"type":"choropleth","colorbar":{"outlinewidth":0,"ticks":""}}],"histogram2d":[{"type":"histogram2d","colorbar":{"outlinewidth":0,"ticks":""},"colorscale":[[0.0,"#0d0887"],[0.1111111111111111,"#46039f"],[0.2222222222222222,"#7201a8"],[0.3333333333333333,"#9c179e"],[0.4444444444444444,"#bd3786"],[0.5555555555555556,"#d8576b"],[0.6666666666666666,"#ed7953"],[0.7777777777777778,"#fb9f3a"],[0.8888888888888888,"#fdca26"],[1.0,"#f0f921"]]}],"heatmap":[{"type":"heatmap","colorbar":{"outlinewidth":0,"ticks":""},"colorscale":[[0.0,"#0d0887"],[0.1111111111111111,"#46039f"],[0.2222222222222222,"#7201a8"],[0.3333333333333333,"#9c179e"],[0.4444444444444444,"#bd3786"],[0.5555555555555556,"#d8576b"],[0.6666666666666666,"#ed7953"],[0.7777777777777778,"#fb9f3a"],[0.8888888888888888,"#fdca26"],[1.0,"#f0f921"]]}],"heatmapgl":[{"type":"heatmapgl","colorbar":{"outlinewidth":0,"ticks":""},"colorscale":[[0.0,"#0d0887"],[0.1111111111111111,"#46039f"],[0.2222222222222222,"#7201a8"],[0.3333333333333333,"#9c179e"],[0.4444444444444444,"#bd3786"],[0.5555555555555556,"#d8576b"],[0.6666666666666666,"#ed7953"],[0.7777777777777778,"#fb9f3a"],[0.8888888888888888,"#fdca26"],[1.0,"#f0f921"]]}],"contourcarpet":[{"type":"contourcarpet","colorbar":{"outlinewidth":0,"ticks":""}}],"contour":[{"type":"contour","colorbar":{"outlinewidth":0,"ticks":""},"colorscale":[[0.0,"#0d0887"],[0.1111111111111111,"#46039f"],[0.2222222222222222,"#7201a8"],[0.3333333333333333,"#9c179e"],[0.4444444444444444,"#bd3786"],[0.5555555555555556,"#d8576b"],[0.6666666666666666,"#ed7953"],[0.7777777777777778,"#fb9f3a"],[0.8888888888888888,"#fdca26"],[1.0,"#f0f921"]]}],"surface":[{"type":"surface","colorbar":{"outlinewidth":0,"ticks":""},"colorscale":[[0.0,"#0d0887"],[0.1111111111111111,"#46039f"],[0.2222222222222222,"#7201a8"],[0.3333333333333333,"#9c179e"],[0.4444444444444444,"#bd3786"],[0.5555555555555556,"#d8576b"],[0.6666666666666666,"#ed7953"],[0.7777777777777778,"#fb9f3a"],[0.8888888888888888,"#fdca26"],[1.0,"#f0f921"]]}],"mesh3d":[{"type":"mesh3d","colorbar":{"outlinewidth":0,"ticks":""}}],"scatter":[{"fillpattern":{"fillmode":"overlay","size":10,"solidity":0.2},"type":"scatter"}],"parcoords":[{"type":"parcoords","line":{"colorbar":{"outlinewidth":0,"ticks":""}}}],"scatterpolargl":[{"type":"scatterpolargl","marker":{"colorbar":{"outlinewidth":0,"ticks":""}}}],"bar":[{"error_x":{"color":"#2a3f5f"},"error_y":{"color":"#2a3f5f"},"marker":{"line":{"color":"#E5ECF6","width":0.5},"pattern":{"fillmode":"overlay","size":10,"solidity":0.2}},"type":"bar"}],"scattergeo":[{"type":"scattergeo","marker":{"colorbar":{"outlinewidth":0,"ticks":""}}}],"scatterpolar":[{"type":"scatterpolar","marker":{"colorbar":{"outlinewidth":0,"ticks":""}}}],"histogram":[{"marker":{"pattern":{"fillmode":"overlay","size":10,"solidity":0.2}},"type":"histogram"}],"scattergl":[{"type":"scattergl","marker":{"colorbar":{"outlinewidth":0,"ticks":""}}}],"scatter3d":[{"type":"scatter3d","line":{"colorbar":{"outlinewidth":0,"ticks":""}},"marker":{"colorbar":{"outlinewidth":0,"ticks":""}}}],"scattermapbox":[{"type":"scattermapbox","marker":{"colorbar":{"outlinewidth":0,"ticks":""}}}],"scatterternary":[{"type":"scatterternary","marker":{"colorbar":{"outlinewidth":0,"ticks":""}}}],"scattercarpet":[{"type":"scattercarpet","marker":{"colorbar":{"outlinewidth":0,"ticks":""}}}],"carpet":[{"aaxis":{"endlinecolor":"#2a3f5f","gridcolor":"white","linecolor":"white","minorgridcolor":"white","startlinecolor":"#2a3f5f"},"baxis":{"endlinecolor":"#2a3f5f","gridcolor":"white","linecolor":"white","minorgridcolor":"white","startlinecolor":"#2a3f5f"},"type":"carpet"}],"table":[{"cells":{"fill":{"color":"#EBF0F8"},"line":{"color":"white"}},"header":{"fill":{"color":"#C8D4E3"},"line":{"color":"white"}},"type":"table"}],"barpolar":[{"marker":{"line":{"color":"#E5ECF6","width":0.5},"pattern":{"fillmode":"overlay","size":10,"solidity":0.2}},"type":"barpolar"}],"pie":[{"automargin":true,"type":"pie"}]},"layout":{"autotypenumbers":"strict","colorway":["#636efa","#EF553B","#00cc96","#ab63fa","#FFA15A","#19d3f3","#FF6692","#B6E880","#FF97FF","#FECB52"],"font":{"color":"#2a3f5f"},"hovermode":"closest","hoverlabel":{"align":"left"},"paper_bgcolor":"white","plot_bgcolor":"#E5ECF6","polar":{"bgcolor":"#E5ECF6","angularaxis":{"gridcolor":"white","linecolor":"white","ticks":""},"radialaxis":{"gridcolor":"white","linecolor":"white","ticks":""}},"ternary":{"bgcolor":"#E5ECF6","aaxis":{"gridcolor":"white","linecolor":"white","ticks":""},"baxis":{"gridcolor":"white","linecolor":"white","ticks":""},"caxis":{"gridcolor":"white","linecolor":"white","ticks":""}},"coloraxis":{"colorbar":{"outlinewidth":0,"ticks":""}},"colorscale":{"sequential":[[0.0,"#0d0887"],[0.1111111111111111,"#46039f"],[0.2222222222222222,"#7201a8"],[0.3333333333333333,"#9c179e"],[0.4444444444444444,"#bd3786"],[0.5555555555555556,"#d8576b"],[0.6666666666666666,"#ed7953"],[0.7777777777777778,"#fb9f3a"],[0.8888888888888888,"#fdca26"],[1.0,"#f0f921"]],"sequentialminus":[[0.0,"#0d0887"],[0.1111111111111111,"#46039f"],[0.2222222222222222,"#7201a8"],[0.3333333333333333,"#9c179e"],[0.4444444444444444,"#bd3786"],[0.5555555555555556,"#d8576b"],[0.6666666666666666,"#ed7953"],[0.7777777777777778,"#fb9f3a"],[0.8888888888888888,"#fdca26"],[1.0,"#f0f921"]],"diverging":[[0,"#8e0152"],[0.1,"#c51b7d"],[0.2,"#de77ae"],[0.3,"#f1b6da"],[0.4,"#fde0ef"],[0.5,"#f7f7f7"],[0.6,"#e6f5d0"],[0.7,"#b8e186"],[0.8,"#7fbc41"],[0.9,"#4d9221"],[1,"#276419"]]},"xaxis":{"gridcolor":"white","linecolor":"white","ticks":"","title":{"standoff":15},"zerolinecolor":"white","automargin":true,"zerolinewidth":2},"yaxis":{"gridcolor":"white","linecolor":"white","ticks":"","title":{"standoff":15},"zerolinecolor":"white","automargin":true,"zerolinewidth":2},"scene":{"xaxis":{"backgroundcolor":"#E5ECF6","gridcolor":"white","linecolor":"white","showbackground":true,"ticks":"","zerolinecolor":"white","gridwidth":2},"yaxis":{"backgroundcolor":"#E5ECF6","gridcolor":"white","linecolor":"white","showbackground":true,"ticks":"","zerolinecolor":"white","gridwidth":2},"zaxis":{"backgroundcolor":"#E5ECF6","gridcolor":"white","linecolor":"white","showbackground":true,"ticks":"","zerolinecolor":"white","gridwidth":2}},"shapedefaults":{"line":{"color":"#2a3f5f"}},"annotationdefaults":{"arrowcolor":"#2a3f5f","arrowhead":0,"arrowwidth":1},"geo":{"bgcolor":"white","landcolor":"#E5ECF6","subunitcolor":"white","showland":true,"showlakes":true,"lakecolor":"white"},"title":{"x":0.05},"mapbox":{"style":"light"}}},"xaxis":{"anchor":"y","domain":[0.0,1.0],"scaleanchor":"y","constrain":"domain","title":{"text":"Genre"}},"yaxis":{"anchor":"x","domain":[0.0,1.0],"autorange":"reversed","constrain":"domain","title":{"text":"Genre"}},"coloraxis":{"colorbar":{"title":{"text":"Correlation"}},"colorscale":[[0.0,"rgb(103,0,31)"],[0.1,"rgb(178,24,43)"],[0.2,"rgb(214,96,77)"],[0.3,"rgb(244,165,130)"],[0.4,"rgb(253,219,199)"],[0.5,"rgb(247,247,247)"],[0.6,"rgb(209,229,240)"],[0.7,"rgb(146,197,222)"],[0.8,"rgb(67,147,195)"],[0.9,"rgb(33,102,172)"],[1.0,"rgb(5,48,97)"]],"cmin":-1,"cmax":1},"margin":{"t":80,"l":40,"r":40,"b":40},"title":{"text":"Correlation matrix of the frequency variation of the top 15 genres through time"},"width":800,"height":600}}